f1_score: 0.875
recall: 0.8563829787234043
precision: 0.7864415430904794
Validation Loss: 0.09084506540587454
Validation Accuracy: 0.9651515151515152
